4.056932330131530762e-01
4.242443144321441650e-01
4.235021471977233887e-01
3.992660343647003174e-01
4.080161452293395996e-01
4.066678881645202637e-01
6.187917590141296387e-01
6.144752502441406250e-01
5.190634131431579590e-01
6.905081868171691895e-01
5.137195587158203125e-01
5.479771494865417480e-01
4.373632967472076416e-01
4.038047790527343750e-01
3.693610131740570068e-01
3.810062706470489502e-01
5.959762334823608398e-01
6.239472031593322754e-01
6.626905202865600586e-01
6.836032867431640625e-01
5.633962750434875488e-01
5.924622416496276855e-01
5.457200407981872559e-01
4.859706163406372070e-01
5.129748582839965820e-01
6.587310433387756348e-01
4.827439188957214355e-01
5.129604935646057129e-01
4.972339272499084473e-01
5.030705332756042480e-01
4.955168664455413818e-01
4.925186932086944580e-01
4.290298521518707275e-01
4.187686145305633545e-01
3.923895061016082764e-01
3.689343631267547607e-01
3.756822049617767334e-01
6.029660701751708984e-01
4.662057459354400635e-01
4.825354218482971191e-01
4.774691760540008545e-01
4.730823934078216553e-01
4.664032757282257080e-01
4.355185031890869141e-01
3.879187405109405518e-01
4.174903929233551025e-01
4.120168089866638184e-01
6.109315156936645508e-01
4.244770109653472900e-01
4.549410641193389893e-01
4.250957369804382324e-01
4.288559556007385254e-01
4.191624820232391357e-01
4.199813306331634521e-01
4.365211129188537598e-01
4.148761332035064697e-01
4.290337562561035156e-01
4.313649833202362061e-01
6.285398006439208984e-01
6.625078320503234863e-01
6.821017265319824219e-01
6.803612709045410156e-01
7.004801630973815918e-01
7.079688310623168945e-01
5.811437368392944336e-01
5.335983633995056152e-01
6.325293183326721191e-01
4.417226016521453857e-01
4.197936952114105225e-01
3.923153281211853027e-01
3.749830722808837891e-01
3.672229051589965820e-01
3.718533813953399658e-01
3.756451904773712158e-01
3.628790378570556641e-01
3.487329483032226562e-01
3.460196256637573242e-01
3.903684914112091064e-01
3.697313964366912842e-01
3.954004943370819092e-01
6.112517118453979492e-01
4.785546362400054932e-01
4.961770772933959961e-01
4.305711686611175537e-01
4.110447466373443604e-01
3.807664811611175537e-01
4.311303198337554932e-01
4.080089926719665527e-01
4.296141564846038818e-01
4.089581668376922607e-01
6.220349073410034180e-01
4.319028556346893311e-01
4.513776600360870361e-01
4.287478625774383545e-01
3.938275873661041260e-01
6.118234395980834961e-01
6.185326576232910156e-01
4.785957336425781250e-01
4.375183582305908203e-01
3.890635371208190918e-01
3.449680507183074951e-01
3.578046560287475586e-01
4.033078849315643311e-01
3.995264768600463867e-01
4.202519953250885010e-01
4.015218019485473633e-01
3.601229786872863770e-01
3.887050449848175049e-01
6.097425222396850586e-01
6.291101574897766113e-01
5.189466476440429688e-01
5.045753121376037598e-01
4.656713306903839111e-01
4.970355331897735596e-01
4.659711420536041260e-01
6.583910584449768066e-01
6.383952498435974121e-01
6.841781735420227051e-01
5.088090896606445312e-01
5.380229949951171875e-01
6.692497730255126953e-01
5.146306753158569336e-01
5.382949113845825195e-01
4.884649515151977539e-01
4.539718925952911377e-01
4.562466740608215332e-01
4.428460597991943359e-01
4.006197154521942139e-01
5.992067456245422363e-01
4.148954749107360840e-01
4.469354450702667236e-01
4.327640831470489502e-01
4.135619699954986572e-01
5.858232378959655762e-01
4.131586551666259766e-01
4.052880108356475830e-01
4.321202933788299561e-01
5.999578237533569336e-01
4.269666075706481934e-01
4.060802161693572998e-01
3.750523328781127930e-01
3.852091729640960693e-01
3.845191299915313721e-01
4.114146828651428223e-01
4.020619690418243408e-01
6.168351173400878906e-01
6.465216279029846191e-01
5.366059541702270508e-01
5.487069487571716309e-01
5.024449229240417480e-01
4.908593595027923584e-01
4.773378372192382812e-01
4.721796810626983643e-01
4.405326247215270996e-01
4.387869238853454590e-01
4.390358030796051025e-01
4.175667464733123779e-01
6.122956275939941406e-01
4.275951683521270752e-01
4.480681717395782471e-01
4.222774505615234375e-01
3.729189634323120117e-01
3.743142187595367432e-01
3.659051358699798584e-01
5.586747527122497559e-01
5.312098860740661621e-01
4.290617108345031738e-01
4.236941039562225342e-01
4.200260043144226074e-01
3.738932609558105469e-01
3.645700514316558838e-01
3.576457500457763672e-01
3.581742942333221436e-01
3.823528885841369629e-01
6.094943881034851074e-01
4.501104652881622314e-01
6.446623206138610840e-01
4.644760787487030029e-01
4.536032378673553467e-01
4.344644248485565186e-01
4.279915988445281982e-01
4.200495481491088867e-01
5.887655019760131836e-01
4.410423636436462402e-01
4.358667731285095215e-01
6.270912885665893555e-01
6.267854571342468262e-01
6.751476526260375977e-01
6.676157116889953613e-01
5.126093029975891113e-01
4.728392958641052246e-01
4.684625864028930664e-01
6.229323744773864746e-01
6.270651817321777344e-01
5.106414556503295898e-01
4.946494102478027344e-01
6.475796699523925781e-01
5.043482780456542969e-01
5.065739750862121582e-01
6.352564692497253418e-01
6.383044123649597168e-01
6.595330238342285156e-01
5.271418094635009766e-01
4.783558547496795654e-01
4.484907984733581543e-01
4.421092867851257324e-01
4.060844480991363525e-01
3.924756944179534912e-01
3.816533684730529785e-01
3.829904794692993164e-01
3.868023753166198730e-01
3.919980227947235107e-01
3.779022097587585449e-01
3.729233741760253906e-01
3.680436611175537109e-01
5.925711393356323242e-01
4.225429296493530273e-01
4.147748053073883057e-01
3.780259788036346436e-01
3.895828723907470703e-01
5.989537835121154785e-01
6.086729168891906738e-01
6.566886901855468750e-01
6.657198071479797363e-01
5.408915281295776367e-01
5.245529413223266602e-01
4.828327000141143799e-01
4.576457440853118896e-01
4.374748468399047852e-01
4.124294817447662354e-01
3.946042060852050781e-01
3.909942507743835449e-01
3.955375552177429199e-01
5.863772034645080566e-01
4.315241277217864990e-01
4.319951534271240234e-01
4.043201506137847900e-01
3.992535769939422607e-01
3.948468267917633057e-01
3.958072364330291748e-01
3.861357569694519043e-01
5.870010256767272949e-01
4.378043413162231445e-01
4.438464939594268799e-01
4.208285510540008545e-01
4.184544086456298828e-01
3.999627828598022461e-01
3.873303234577178955e-01
3.745231926441192627e-01
5.632685422897338867e-01
5.849878787994384766e-01
4.771445691585540771e-01
4.643497467041015625e-01
4.228991568088531494e-01
4.012953341007232666e-01
3.762589097023010254e-01
